-0.1111111111111111	0	-1	-1	-1	-1	-1	-1	-1	-1	-1	-1	-1	-1	1	1	-1	-1	-1	-1	-1	-1	-1	-1	-1	-1	-1	-1	1	1
0.1111111111111111	0	-1	-1	-1	-1	-1	-1	-1	-1	-1	-1	1	-1	1	-1	-1	-1	-1	-1	-1	-1	-1	-1	-1	-1	1	-1	1	-1
0.1111111111111111	0	-1	-1	-1	-1	-1	-1	-1	-1	-1	-1	-1	1	1	-1	-1	-1	-1	-1	-1	-1	-1	-1	-1	-1	1	-1	-1	1
0.1111111111111111	0	-1	-1	-1	-1	-1	-1	-1	-1	1	-1	-1	-1	1	-1	-1	-1	-1	-1	-1	-1	-1	-1	1	-1	-1	-1	1	-1
0.06666666666666667	0	-1	-1	-1	-1	-1	-1	-1	-1	-1	1	-1	-1	1	-1	-1	-1	-1	-1	-1	-1	-1	-1	-1	1	-1	-1	1	-1
0.044444444444444446	0	-1	-1	-1	-1	-1	-1	-1	-1	-1	1	-1	-1	1	-1	-1	-1	-1	-1	-1	-1	-1	-1	1	-1	-1	-1	-1	1
0.08606629658238704	0	-1	-1	-1	-1	-1	-1	-1	-1	-1	1	-1	-1	1	-1	-1	-1	-1	-1	-1	-1	-1	-1	-1	-1	1	1	-1	-1
0.08888888888888889	0	-1	-1	-1	-1	-1	-1	1	-1	-1	-1	-1	-1	1	-1	-1	-1	-1	-1	-1	-1	1	-1	-1	-1	-1	-1	1	-1
0.03142696805273545	0	-1	-1	-1	-1	-1	-1	1	-1	-1	-1	-1	-1	1	-1	-1	-1	-1	-1	-1	-1	-1	-1	1	-1	1	-1	-1	-1
0.08888888888888889	0	-1	-1	-1	-1	-1	-1	-1	1	-1	-1	-1	-1	1	-1	-1	-1	-1	-1	-1	-1	-1	1	-1	-1	-1	-1	1	-1
-0.03142696805273545	0	-1	-1	-1	-1	-1	-1	-1	1	-1	-1	-1	-1	1	-1	-1	-1	-1	-1	-1	-1	-1	-1	-1	1	1	-1	-1	-1
0.0628539361054709	0	-1	-1	-1	-1	-1	-1	-1	1	-1	-1	-1	-1	1	-1	-1	-1	-1	-1	-1	-1	-1	-1	1	-1	-1	1	-1	-1
0.06666666666666667	0	-1	-1	-1	-1	1	-1	-1	-1	-1	-1	-1	-1	1	-1	-1	-1	-1	-1	1	-1	-1	-1	-1	-1	-1	-1	1	-1
0.03142696805273545	0	-1	-1	-1	-1	1	-1	-1	-1	-1	-1	-1	-1	1	-1	-1	-1	-1	-1	-1	-1	1	-1	-1	-1	1	-1	-1	-1
0.06666666666666667	0	-1	-1	-1	-1	-1	1	-1	-1	-1	-1	-1	-1	1	-1	-1	-1	-1	-1	-1	1	-1	-1	-1	-1	-1	-1	1	-1
0.03142696805273545	0	-1	-1	-1	-1	-1	1	-1	-1	-1	-1	-1	-1	1	-1	-1	-1	-1	-1	-1	-1	-1	1	-1	-1	1	-1	-1	-1
0.06885303726590963	0	-1	-1	-1	-1	-1	1	-1	-1	-1	-1	-1	-1	1	-1	-1	-1	-1	-1	-1	-1	-1	-1	1	1	-1	-1	-1	-1
0.08606629658238704	0	-1	-1	1	-1	-1	-1	-1	-1	-1	-1	-1	-1	1	-1	-1	-1	-1	-1	1	-1	-1	-1	-1	-1	1	-1	-1	-1
-0.0628539361054709	0	-1	-1	1	-1	-1	-1	-1	-1	-1	-1	-1	-1	1	-1	-1	-1	-1	-1	-1	-1	1	-1	1	-1	-1	-1	-1	-1
0.08606629658238704	0	-1	-1	-1	1	-1	-1	-1	-1	-1	-1	-1	-1	1	-1	-1	-1	-1	-1	-1	1	-1	-1	-1	-1	1	-1	-1	-1
-0.0628539361054709	0	-1	-1	-1	1	-1	-1	-1	-1	-1	-1	-1	-1	1	-1	-1	-1	-1	-1	-1	-1	-1	1	1	-1	-1	-1	-1	-1
-0.1111111111111111	0	1	-1	-1	-1	-1	-1	-1	-1	-1	-1	-1	-1	1	-1	1	-1	-1	-1	-1	-1	-1	-1	-1	-1	-1	-1	1	-1
0.1111111111111111	0	1	-1	-1	-1	-1	-1	-1	-1	-1	-1	-1	-1	1	-1	-1	-1	1	-1	-1	-1	-1	-1	-1	-1	1	-1	-1	-1
-0.044444444444444446	0	1	-1	-1	-1	-1	-1	-1	-1	-1	-1	-1	-1	1	-1	-1	-1	-1	-1	1	-1	-1	-1	1	-1	-1	-1	-1	-1
-0.1111111111111111	0	-1	1	-1	-1	-1	-1	-1	-1	-1	-1	-1	-1	1	-1	-1	1	-1	-1	-1	-1	-1	-1	-1	-1	-1	-1	1	-1
0.1111111111111111	0	-1	1	-1	-1	-1	-1	-1	-1	-1	-1	-1	-1	1	-1	-1	-1	-1	1	-1	-1	-1	-1	-1	-1	1	-1	-1	-1
-0.044444444444444446	0	-1	1	-1	-1	-1	-1	-1	-1	-1	-1	-1	-1	1	-1	-1	-1	-1	-1	-1	1	-1	-1	1	-1	-1	-1	-1	-1
0.1111111111111111	0	-1	-1	-1	-1	-1	-1	-1	-1	-1	-1	1	-1	-1	1	-1	-1	-1	-1	-1	-1	-1	-1	-1	-1	-1	1	1	-1
0.1111111111111111	0	-1	-1	-1	-1	-1	-1	-1	-1	-1	-1	-1	1	-1	1	-1	-1	-1	-1	-1	-1	-1	-1	-1	-1	-1	1	-1	1
0.044444444444444446	0	-1	-1	-1	-1	-1	-1	-1	-1	1	-1	-1	-1	-1	1	-1	-1	-1	-1	-1	-1	-1	-1	-1	1	-1	-1	1	-1
0.06666666666666667	0	-1	-1	-1	-1	-1	-1	-1	-1	1	-1	-1	-1	-1	1	-1	-1	-1	-1	-1	-1	-1	-1	1	-1	-1	-1	-1	1
-0.08606629658238704	0	-1	-1	-1	-1	-1	-1	-1	-1	1	-1	-1	-1	-1	1	-1	-1	-1	-1	-1	-1	-1	-1	-1	-1	1	1	-1	-1
0.1111111111111111	0	-1	-1	-1	-1	-1	-1	-1	-1	-1	1	-1	-1	-1	1	-1	-1	-1	-1	-1	-1	-1	-1	-1	1	-1	-1	-1	1
0.08888888888888889	0	-1	-1	-1	-1	-1	-1	1	-1	-1	-1	-1	-1	-1	1	-1	-1	-1	-1	-1	-1	1	-1	-1	-1	-1	-1	-1	1
0.0628539361054709	0	-1	-1	-1	-1	-1	-1	1	-1	-1	-1	-1	-1	-1	1	-1	-1	-1	-1	-1	-1	-1	-1	-1	1	1	-1	-1	-1
-0.03142696805273545	0	-1	-1	-1	-1	-1	-1	1	-1	-1	-1	-1	-1	-1	1	-1	-1	-1	-1	-1	-1	-1	-1	1	-1	-1	1	-1	-1
0.08888888888888889	0	-1	-1	-1	-1	-1	-1	-1	1	-1	-1	-1	-1	-1	1	-1	-1	-1	-1	-1	-1	-1	1	-1	-1	-1	-1	-1	1
0.03142696805273545	0	-1	-1	-1	-1	-1	-1	-1	1	-1	-1	-1	-1	-1	1	-1	-1	-1	-1	-1	-1	-1	-1	-1	1	-1	1	-1	-1
0.06666666666666667	0	-1	-1	-1	-1	1	-1	-1	-1	-1	-1	-1	-1	-1	1	-1	-1	-1	-1	1	-1	-1	-1	-1	-1	-1	-1	-1	1
0.03142696805273545	0	-1	-1	-1	-1	1	-1	-1	-1	-1	-1	-1	-1	-1	1	-1	-1	-1	-1	-1	-1	1	-1	-1	-1	-1	1	-1	-1
-0.06885303726590963	0	-1	-1	-1	-1	1	-1	-1	-1	-1	-1	-1	-1	-1	1	-1	-1	-1	-1	-1	-1	-1	-1	1	1	-1	-1	-1	-1
0.06666666666666667	0	-1	-1	-1	-1	-1	1	-1	-1	-1	-1	-1	-1	-1	1	-1	-1	-1	-1	-1	1	-1	-1	-1	-1	-1	-1	-1	1
0.03142696805273545	0	-1	-1	-1	-1	-1	1	-1	-1	-1	-1	-1	-1	-1	1	-1	-1	-1	-1	-1	-1	-1	1	-1	-1	-1	1	-1	-1
0.08606629658238704	0	-1	-1	1	-1	-1	-1	-1	-1	-1	-1	-1	-1	-1	1	-1	-1	-1	-1	1	-1	-1	-1	-1	-1	-1	1	-1	-1
-0.0628539361054709	0	-1	-1	1	-1	-1	-1	-1	-1	-1	-1	-1	-1	-1	1	-1	-1	-1	-1	-1	-1	1	-1	-1	1	-1	-1	-1	-1
0.08606629658238704	0	-1	-1	-1	1	-1	-1	-1	-1	-1	-1	-1	-1	-1	1	-1	-1	-1	-1	-1	1	-1	-1	-1	-1	-1	1	-1	-1
-0.0628539361054709	0	-1	-1	-1	1	-1	-1	-1	-1	-1	-1	-1	-1	-1	1	-1	-1	-1	-1	-1	-1	-1	1	-1	1	-1	-1	-1	-1
-0.1111111111111111	0	1	-1	-1	-1	-1	-1	-1	-1	-1	-1	-1	-1	-1	1	1	-1	-1	-1	-1	-1	-1	-1	-1	-1	-1	-1	-1	1
0.1111111111111111	0	1	-1	-1	-1	-1	-1	-1	-1	-1	-1	-1	-1	-1	1	-1	-1	1	-1	-1	-1	-1	-1	-1	-1	-1	1	-1	-1
-0.044444444444444446	0	1	-1	-1	-1	-1	-1	-1	-1	-1	-1	-1	-1	-1	1	-1	-1	-1	-1	1	-1	-1	-1	-1	1	-1	-1	-1	-1
-0.1111111111111111	0	-1	1	-1	-1	-1	-1	-1	-1	-1	-1	-1	-1	-1	1	-1	1	-1	-1	-1	-1	-1	-1	-1	-1	-1	-1	-1	1
0.1111111111111111	0	-1	1	-1	-1	-1	-1	-1	-1	-1	-1	-1	-1	-1	1	-1	-1	-1	1	-1	-1	-1	-1	-1	-1	-1	1	-1	-1
-0.044444444444444446	0	-1	1	-1	-1	-1	-1	-1	-1	-1	-1	-1	-1	-1	1	-1	-1	-1	-1	-1	1	-1	-1	-1	1	-1	-1	-1	-1
0.08606629658238704	0	-1	-1	-1	-1	-1	-1	-1	-1	-1	-1	1	1	-1	-1	-1	-1	-1	-1	-1	-1	-1	-1	-1	1	-1	-1	1	-1
-0.08606629658238704	0	-1	-1	-1	-1	-1	-1	-1	-1	-1	-1	1	1	-1	-1	-1	-1	-1	-1	-1	-1	-1	-1	1	-1	-1	-1	-1	1
0.03142696805273545	0	-1	-1	-1	-1	-1	-1	-1	-1	1	-1	1	-1	-1	-1	-1	-1	-1	-1	-1	-1	1	-1	-1	-1	-1	-1	1	-1
0.06666666666666667	0	-1	-1	-1	-1	-1	-1	-1	-1	1	-1	1	-1	-1	-1	-1	-1	-1	-1	-1	-1	-1	-1	1	-1	1	-1	-1	-1
-0.03142696805273545	0	-1	-1	-1	-1	-1	-1	-1	-1	-1	1	1	-1	-1	-1	-1	-1	-1	-1	-1	-1	-1	1	-1	-1	-1	-1	1	-1
0.0628539361054709	0	-1	-1	-1	-1	-1	-1	-1	-1	-1	1	1	-1	-1	-1	-1	-1	-1	-1	-1	-1	1	-1	-1	-1	-1	-1	-1	1
0.06666666666666667	0	-1	-1	-1	-1	-1	-1	-1	-1	-1	1	1	-1	-1	-1	-1	-1	-1	-1	-1	-1	-1	-1	1	-1	-1	1	-1	-1
0.03142696805273545	0	-1	-1	-1	-1	-1	-1	1	-1	-1	-1	1	-1	-1	-1	-1	-1	-1	-1	1	-1	-1	-1	-1	-1	-1	-1	1	-1
0.08888888888888889	0	-1	-1	-1	-1	-1	-1	1	-1	-1	-1	1	-1	-1	-1	-1	-1	-1	-1	-1	-1	1	-1	-1	-1	1	-1	-1	-1
0.03142696805273545	0	-1	-1	-1	-1	-1	-1	-1	1	-1	-1	1	-1	-1	-1	-1	-1	-1	-1	-1	1	-1	-1	-1	-1	-1	-1	1	-1
0.08888888888888889	0	-1	-1	-1	-1	-1	-1	-1	1	-1	-1	1	-1	-1	-1	-1	-1	-1	-1	-1	-1	1	-1	-1	-1	-1	1	-1	-1
0.02434322477800738	0	-1	-1	-1	-1	-1	-1	-1	1	-1	-1	1	-1	-1	-1	-1	-1	-1	-1	-1	-1	-1	-1	1	1	-1	-1	-1	-1
0.08606629658238704	0	-1	-1	-1	-1	1	-1	-1	-1	-1	-1	1	-1	-1	-1	-1	-1	1	-1	-1	-1	-1	-1	-1	-1	-1	-1	1	-1
0.12171612389003693	0	-1	-1	-1	-1	1	-1	-1	-1	-1	-1	1	-1	-1	-1	-1	-1	-1	-1	-1	-1	1	-1	1	-1	-1	-1	-1	-1
0.08606629658238704	0	-1	-1	-1	-1	-1	1	-1	-1	-1	-1	1	-1	-1	-1	-1	-1	-1	1	-1	-1	-1	-1	-1	-1	-1	-1	1	-1
0.02434322477800738	0	-1	-1	-1	-1	-1	1	-1	-1	-1	-1	1	-1	-1	-1	-1	-1	-1	-1	-1	-1	-1	1	1	-1	-1	-1	-1	-1
0.09737289911202952	0	-1	-1	-1	-1	-1	1	-1	-1	-1	-1	1	-1	-1	-1	-1	-1	-1	-1	-1	-1	1	-1	-1	1	-1	-1	-1	-1
0.1111111111111111	0	-1	-1	1	-1	-1	-1	-1	-1	-1	-1	1	-1	-1	-1	1	-1	-1	-1	-1	-1	-1	-1	-1	-1	-1	-1	1	-1
0.06666666666666667	0	-1	-1	1	-1	-1	-1	-1	-1	-1	-1	1	-1	-1	-1	-1	-1	-1	-1	1	-1	-1	-1	1	-1	-1	-1	-1	-1
0.1111111111111111	0	-1	-1	-1	1	-1	-1	-1	-1	-1	-1	1	-1	-1	-1	-1	1	-1	-1	-1	-1	-1	-1	-1	-1	-1	-1	1	-1
0.06666666666666667	0	-1	-1	-1	1	-1	-1	-1	-1	-1	-1	1	-1	-1	-1	-1	-1	-1	-1	-1	1	-1	-1	1	-1	-1	-1	-1	-1
0.08888888888888889	0	-1	-1	-1	1	-1	-1	-1	-1	-1	-1	1	-1	-1	-1	-1	-1	-1	-1	-1	-1	1	1	-1	-1	-1	-1	-1	-1
0.08606629658238704	0	1	-1	-1	-1	-1	-1	-1	-1	-1	-1	1	-1	-1	-1	-1	-1	1	-1	-1	-1	-1	-1	1	-1	-1	-1	-1	-1
-0.0628539361054709	0	1	-1	-1	-1	-1	-1	-1	-1	-1	-1	1	-1	-1	-1	-1	-1	-1	-1	1	-1	1	-1	-1	-1	-1	-1	-1	-1
0.08606629658238704	0	-1	1	-1	-1	-1	-1	-1	-1	-1	-1	1	-1	-1	-1	-1	-1	-1	1	-1	-1	-1	-1	1	-1	-1	-1	-1	-1
-0.0628539361054709	0	-1	1	-1	-1	-1	-1	-1	-1	-1	-1	1	-1	-1	-1	-1	-1	-1	-1	-1	1	1	-1	-1	-1	-1	-1	-1	-1
0.0628539361054709	0	-1	-1	-1	-1	-1	-1	-1	-1	1	-1	-1	1	-1	-1	-1	-1	-1	-1	-1	-1	-1	1	-1	-1	-1	-1	1	-1
-0.03142696805273545	0	-1	-1	-1	-1	-1	-1	-1	-1	1	-1	-1	1	-1	-1	-1	-1	-1	-1	-1	-1	1	-1	-1	-1	-1	-1	-1	1
0.06666666666666667	0	-1	-1	-1	-1	-1	-1	-1	-1	1	-1	-1	1	-1	-1	-1	-1	-1	-1	-1	-1	-1	-1	-1	1	1	-1	-1	-1
0.03142696805273545	0	-1	-1	-1	-1	-1	-1	-1	-1	-1	1	-1	1	-1	-1	-1	-1	-1	-1	-1	-1	-1	1	-1	-1	-1	-1	-1	1
0.06666666666666667	0	-1	-1	-1	-1	-1	-1	-1	-1	-1	1	-1	1	-1	-1	-1	-1	-1	-1	-1	-1	-1	-1	-1	1	-1	1	-1	-1
0.03142696805273545	0	-1	-1	-1	-1	-1	-1	1	-1	-1	-1	-1	1	-1	-1	-1	-1	-1	-1	1	-1	-1	-1	-1	-1	-1	-1	-1	1
0.08888888888888889	0	-1	-1	-1	-1	-1	-1	1	-1	-1	-1	-1	1	-1	-1	-1	-1	-1	-1	-1	-1	-1	1	-1	-1	1	-1	-1	-1
-0.02434322477800738	0	-1	-1	-1	-1	-1	-1	1	-1	-1	-1	-1	1	-1	-1	-1	-1	-1	-1	-1	-1	-1	-1	1	1	-1	-1	-1	-1
0.03142696805273545	0	-1	-1	-1	-1	-1	-1	-1	1	-1	-1	-1	1	-1	-1	-1	-1	-1	-1	-1	1	-1	-1	-1	-1	-1	-1	-1	1
0.08888888888888889	0	-1	-1	-1	-1	-1	-1	-1	1	-1	-1	-1	1	-1	-1	-1	-1	-1	-1	-1	-1	-1	1	-1	-1	-1	1	-1	-1
0.08606629658238704	0	-1	-1	-1	-1	1	-1	-1	-1	-1	-1	-1	1	-1	-1	-1	-1	1	-1	-1	-1	-1	-1	-1	-1	-1	-1	-1	1
0.09737289911202952	0	-1	-1	-1	-1	1	-1	-1	-1	-1	-1	-1	1	-1	-1	-1	-1	-1	-1	-1	-1	-1	1	1	-1	-1	-1	-1	-1
0.02434322477800738	0	-1	-1	-1	-1	1	-1	-1	-1	-1	-1	-1	1	-1	-1	-1	-1	-1	-1	-1	-1	1	-1	-1	1	-1	-1	-1	-1
0.08606629658238704	0	-1	-1	-1	-1	-1	1	-1	-1	-1	-1	-1	1	-1	-1	-1	-1	-1	1	-1	-1	-1	-1	-1	-1	-1	-1	-1	1
0.12171612389003693	0	-1	-1	-1	-1	-1	1	-1	-1	-1	-1	-1	1	-1	-1	-1	-1	-1	-1	-1	-1	-1	1	-1	1	-1	-1	-1	-1
0.1111111111111111	0	-1	-1	1	-1	-1	-1	-1	-1	-1	-1	-1	1	-1	-1	1	-1	-1	-1	-1	-1	-1	-1	-1	-1	-1	-1	-1	1
0.06666666666666667	0	-1	-1	1	-1	-1	-1	-1	-1	-1	-1	-1	1	-1	-1	-1	-1	-1	-1	1	-1	-1	-1	-1	1	-1	-1	-1	-1
-0.08888888888888889	0	-1	-1	1	-1	-1	-1	-1	-1	-1	-1	-1	1	-1	-1	-1	-1	-1	-1	-1	-1	1	1	-1	-1	-1	-1	-1	-1
0.1111111111111111	0	-1	-1	-1	1	-1	-1	-1	-1	-1	-1	-1	1	-1	-1	-1	1	-1	-1	-1	-1	-1	-1	-1	-1	-1	-1	-1	1
0.06666666666666667	0	-1	-1	-1	1	-1	-1	-1	-1	-1	-1	-1	1	-1	-1	-1	-1	-1	-1	-1	1	-1	-1	-1	1	-1	-1	-1	-1
0.08606629658238704	0	1	-1	-1	-1	-1	-1	-1	-1	-1	-1	-1	1	-1	-1	-1	-1	1	-1	-1	-1	-1	-1	-1	1	-1	-1	-1	-1
-0.0628539361054709	0	1	-1	-1	-1	-1	-1	-1	-1	-1	-1	-1	1	-1	-1	-1	-1	-1	-1	1	-1	-1	1	-1	-1	-1	-1	-1	-1
0.08606629658238704	0	-1	1	-1	-1	-1	-1	-1	-1	-1	-1	-1	1	-1	-1	-1	-1	-1	1	-1	-1	-1	-1	-1	1	-1	-1	-1	-1
-0.0628539361054709	0	-1	1	-1	-1	-1	-1	-1	-1	-1	-1	-1	1	-1	-1	-1	-1	-1	-1	-1	1	-1	1	-1	-1	-1	-1	-1	-1
0.06885303726590963	0	-1	-1	-1	-1	-1	-1	-1	-1	1	1	-1	-1	-1	-1	-1	-1	-1	-1	-1	1	-1	-1	-1	-1	-1	-1	1	-1
-0.06885303726590963	0	-1	-1	-1	-1	-1	-1	-1	-1	1	1	-1	-1	-1	-1	-1	-1	-1	-1	1	-1	-1	-1	-1	-1	-1	-1	-1	1
0.02434322477800738	0	-1	-1	-1	-1	-1	-1	-1	-1	1	1	-1	-1	-1	-1	-1	-1	-1	-1	-1	-1	-1	1	-1	-1	1	-1	-1	-1
-0.02434322477800738	0	-1	-1	-1	-1	-1	-1	-1	-1	1	1	-1	-1	-1	-1	-1	-1	-1	-1	-1	-1	1	-1	-1	-1	-1	1	-1	-1
-0.04	0	-1	-1	-1	-1	-1	-1	-1	-1	1	1	-1	-1	-1	-1	-1	-1	-1	-1	-1	-1	-1	-1	1	1	-1	-1	-1	-1
-0.0628539361054709	0	-1	-1	-1	-1	-1	-1	1	-1	1	-1	-1	-1	-1	-1	-1	-1	1	-1	-1	-1	-1	-1	-1	-1	-1	-1	1	-1
0.12171612389003693	0	-1	-1	-1	-1	-1	-1	1	-1	1	-1	-1	-1	-1	-1	-1	-1	-1	-1	1	-1	-1	-1	-1	-1	1	-1	-1	-1
-0.044444444444444446	0	-1	-1	-1	-1	-1	-1	1	-1	1	-1	-1	-1	-1	-1	-1	-1	-1	-1	-1	-1	1	-1	1	-1	-1	-1	-1	-1
-0.0628539361054709	0	-1	-1	-1	-1	-1	-1	-1	1	1	-1	-1	-1	-1	-1	-1	-1	-1	1	-1	-1	-1	-1	-1	-1	-1	-1	1	-1
0.02434322477800738	0	-1	-1	-1	-1	-1	-1	-1	1	1	-1	-1	-1	-1	-1	-1	-1	-1	-1	-1	1	-1	-1	-1	-1	1	-1	-1	-1
0.09737289911202952	0	-1	-1	-1	-1	-1	-1	-1	1	1	-1	-1	-1	-1	-1	-1	-1	-1	-1	1	-1	-1	-1	-1	-1	-1	1	-1	-1
-0.05333333333333333	0	-1	-1	-1	-1	-1	-1	-1	1	1	-1	-1	-1	-1	-1	-1	-1	-1	-1	-1	-1	-1	1	1	-1	-1	-1	-1	-1
0.008888888888888889	0	-1	-1	-1	-1	-1	-1	-1	1	1	-1	-1	-1	-1	-1	-1	-1	-1	-1	-1	-1	1	-1	-1	1	-1	-1	-1	-1
-0.044444444444444446	0	-1	-1	-1	-1	1	-1	-1	-1	1	-1	-1	-1	-1	-1	1	-1	-1	-1	-1	-1	-1	-1	-1	-1	-1	-1	1	-1
0.06666666666666667	0	-1	-1	-1	-1	1	-1	-1	-1	1	-1	-1	-1	-1	-1	-1	-1	1	-1	-1	-1	-1	-1	-1	-1	1	-1	-1	-1
0.06666666666666667	0	-1	-1	-1	-1	1	-1	-1	-1	1	-1	-1	-1	-1	-1	-1	-1	-1	-1	1	-1	-1	-1	1	-1	-1	-1	-1	-1
-0.044444444444444446	0	-1	-1	-1	-1	-1	1	-1	-1	1	-1	-1	-1	-1	-1	-1	1	-1	-1	-1	-1	-1	-1	-1	-1	-1	-1	1	-1
0.06666666666666667	0	-1	-1	-1	-1	-1	1	-1	-1	1	-1	-1	-1	-1	-1	-1	-1	-1	1	-1	-1	-1	-1	-1	-1	1	-1	-1	-1
-0.04	0	-1	-1	-1	-1	-1	1	-1	-1	1	-1	-1	-1	-1	-1	-1	-1	-1	-1	-1	1	-1	-1	1	-1	-1	-1	-1	-1
0.10666666666666666	0	-1	-1	-1	-1	-1	1	-1	-1	1	-1	-1	-1	-1	-1	-1	-1	-1	-1	1	-1	-1	-1	-1	1	-1	-1	-1	-1
-0.008888888888888889	0	-1	-1	-1	-1	-1	1	-1	-1	1	-1	-1	-1	-1	-1	-1	-1	-1	-1	-1	-1	1	1	-1	-1	-1	-1	-1	-1
0.08606629658238704	0	-1	-1	1	-1	-1	-1	-1	-1	1	-1	-1	-1	-1	-1	1	-1	-1	-1	-1	-1	-1	-1	-1	-1	1	-1	-1	-1
0.12171612389003693	0	-1	-1	1	-1	-1	-1	-1	-1	1	-1	-1	-1	-1	-1	-1	-1	-1	-1	1	-1	1	-1	-1	-1	-1	-1	-1	-1
0.08606629658238704	0	-1	-1	-1	1	-1	-1	-1	-1	1	-1	-1	-1	-1	-1	-1	1	-1	-1	-1	-1	-1	-1	-1	-1	1	-1	-1	-1
0.02434322477800738	0	-1	-1	-1	1	-1	-1	-1	-1	1	-1	-1	-1	-1	-1	-1	-1	-1	-1	-1	1	1	-1	-1	-1	-1	-1	-1	-1
0.09737289911202952	0	-1	-1	-1	1	-1	-1	-1	-1	1	-1	-1	-1	-1	-1	-1	-1	-1	-1	1	-1	-1	1	-1	-1	-1	-1	-1	-1
0.06666666666666667	0	1	-1	-1	-1	-1	-1	-1	-1	1	-1	-1	-1	-1	-1	1	-1	-1	-1	-1	-1	-1	-1	1	-1	-1	-1	-1	-1
0.03142696805273545	0	1	-1	-1	-1	-1	-1	-1	-1	1	-1	-1	-1	-1	-1	-1	-1	1	-1	-1	-1	1	-1	-1	-1	-1	-1	-1	-1
0.06666666666666667	0	-1	1	-1	-1	-1	-1	-1	-1	1	-1	-1	-1	-1	-1	-1	1	-1	-1	-1	-1	-1	-1	1	-1	-1	-1	-1	-1
0.03142696805273545	0	-1	1	-1	-1	-1	-1	-1	-1	1	-1	-1	-1	-1	-1	-1	-1	-1	1	-1	-1	1	-1	-1	-1	-1	-1	-1	-1
0.06885303726590963	0	-1	1	-1	-1	-1	-1	-1	-1	1	-1	-1	-1	-1	-1	-1	-1	-1	-1	1	1	-1	-1	-1	-1	-1	-1	-1	-1
-0.0628539361054709	0	-1	-1	-1	-1	-1	-1	1	-1	-1	1	-1	-1	-1	-1	-1	-1	1	-1	-1	-1	-1	-1	-1	-1	-1	-1	-1	1
0.09737289911202952	0	-1	-1	-1	-1	-1	-1	1	-1	-1	1	-1	-1	-1	-1	-1	-1	-1	-1	-1	1	-1	-1	-1	-1	1	-1	-1	-1
0.02434322477800738	0	-1	-1	-1	-1	-1	-1	1	-1	-1	1	-1	-1	-1	-1	-1	-1	-1	-1	1	-1	-1	-1	-1	-1	-1	1	-1	-1
0.008888888888888889	0	-1	-1	-1	-1	-1	-1	1	-1	-1	1	-1	-1	-1	-1	-1	-1	-1	-1	-1	-1	-1	1	1	-1	-1	-1	-1	-1
-0.05333333333333333	0	-1	-1	-1	-1	-1	-1	1	-1	-1	1	-1	-1	-1	-1	-1	-1	-1	-1	-1	-1	1	-1	-1	1	-1	-1	-1	-1
-0.0628539361054709	0	-1	-1	-1	-1	-1	-1	-1	1	-1	1	-1	-1	-1	-1	-1	-1	-1	1	-1	-1	-1	-1	-1	-1	-1	-1	-1	1
0.12171612389003693	0	-1	-1	-1	-1	-1	-1	-1	1	-1	1	-1	-1	-1	-1	-1	-1	-1	-1	-1	1	-1	-1	-1	-1	-1	1	-1	-1
-0.044444444444444446	0	-1	-1	-1	-1	-1	-1	-1	1	-1	1	-1	-1	-1	-1	-1	-1	-1	-1	-1	-1	-1	1	-1	1	-1	-1	-1	-1
-0.044444444444444446	0	-1	-1	-1	-1	1	-1	-1	-1	-1	1	-1	-1	-1	-1	1	-1	-1	-1	-1	-1	-1	-1	-1	-1	-1	-1	-1	1
0.06666666666666667	0	-1	-1	-1	-1	1	-1	-1	-1	-1	1	-1	-1	-1	-1	-1	-1	1	-1	-1	-1	-1	-1	-1	-1	-1	1	-1	-1
0.10666666666666666	0	-1	-1	-1	-1	1	-1	-1	-1	-1	1	-1	-1	-1	-1	-1	-1	-1	-1	-1	1	-1	-1	1	-1	-1	-1	-1	-1
-0.04	0	-1	-1	-1	-1	1	-1	-1	-1	-1	1	-1	-1	-1	-1	-1	-1	-1	-1	1	-1	-1	-1	-1	1	-1	-1	-1	-1
0.008888888888888889	0	-1	-1	-1	-1	1	-1	-1	-1	-1	1	-1	-1	-1	-1	-1	-1	-1	-1	-1	-1	1	1	-1	-1	-1	-1	-1	-1
-0.044444444444444446	0	-1	-1	-1	-1	-1	1	-1	-1	-1	1	-1	-1	-1	-1	-1	1	-1	-1	-1	-1	-1	-1	-1	-1	-1	-1	-1	1
0.06666666666666667	0	-1	-1	-1	-1	-1	1	-1	-1	-1	1	-1	-1	-1	-1	-1	-1	-1	1	-1	-1	-1	-1	-1	-1	-1	1	-1	-1
0.06666666666666667	0	-1	-1	-1	-1	-1	1	-1	-1	-1	1	-1	-1	-1	-1	-1	-1	-1	-1	-1	1	-1	-1	-1	1	-1	-1	-1	-1
0.08606629658238704	0	-1	-1	1	-1	-1	-1	-1	-1	-1	1	-1	-1	-1	-1	1	-1	-1	-1	-1	-1	-1	-1	-1	-1	-1	1	-1	-1
0.09737289911202952	0	-1	-1	1	-1	-1	-1	-1	-1	-1	1	-1	-1	-1	-1	-1	-1	-1	-1	-1	1	1	-1	-1	-1	-1	-1	-1	-1
0.02434322477800738	0	-1	-1	1	-1	-1	-1	-1	-1	-1	1	-1	-1	-1	-1	-1	-1	-1	-1	1	-1	-1	1	-1	-1	-1	-1	-1	-1
0.08606629658238704	0	-1	-1	-1	1	-1	-1	-1	-1	-1	1	-1	-1	-1	-1	-1	1	-1	-1	-1	-1	-1	-1	-1	-1	-1	1	-1	-1
0.12171612389003693	0	-1	-1	-1	1	-1	-1	-1	-1	-1	1	-1	-1	-1	-1	-1	-1	-1	-1	-1	1	-1	1	-1	-1	-1	-1	-1	-1
0.06666666666666667	0	1	-1	-1	-1	-1	-1	-1	-1	-1	1	-1	-1	-1	-1	1	-1	-1	-1	-1	-1	-1	-1	-1	1	-1	-1	-1	-1
0.03142696805273545	0	1	-1	-1	-1	-1	-1	-1	-1	-1	1	-1	-1	-1	-1	-1	-1	1	-1	-1	-1	-1	1	-1	-1	-1	-1	-1	-1
-0.06885303726590963	0	1	-1	-1	-1	-1	-1	-1	-1	-1	1	-1	-1	-1	-1	-1	-1	-1	-1	1	1	-1	-1	-1	-1	-1	-1	-1	-1
0.06666666666666667	0	-1	1	-1	-1	-1	-1	-1	-1	-1	1	-1	-1	-1	-1	-1	1	-1	-1	-1	-1	-1	-1	-1	1	-1	-1	-1	-1
0.03142696805273545	0	-1	1	-1	-1	-1	-1	-1	-1	-1	1	-1	-1	-1	-1	-1	-1	-1	1	-1	-1	-1	1	-1	-1	-1	-1	-1	-1
0.08888888888888889	0	-1	-1	-1	-1	-1	-1	1	1	-1	-1	-1	-1	-1	-1	-1	-1	-1	1	-1	-1	-1	-1	-1	-1	1	-1	-1	-1
-0.08888888888888889	0	-1	-1	-1	-1	-1	-1	1	1	-1	-1	-1	-1	-1	-1	-1	-1	1	-1	-1	-1	-1	-1	-1	-1	-1	1	-1	-1
-0.008888888888888889	0	-1	-1	-1	-1	-1	-1	1	1	-1	-1	-1	-1	-1	-1	-1	-1	-1	-1	-1	1	-1	-1	1	-1	-1	-1	-1	-1
0.008888888888888889	0	-1	-1	-1	-1	-1	-1	1	1	-1	-1	-1	-1	-1	-1	-1	-1	-1	-1	1	-1	-1	-1	-1	1	-1	-1	-1	-1
-0.07111111111111111	0	-1	-1	-1	-1	-1	-1	1	1	-1	-1	-1	-1	-1	-1	-1	-1	-1	-1	-1	-1	1	1	-1	-1	-1	-1	-1	-1
-0.0628539361054709	0	-1	-1	-1	-1	1	-1	1	-1	-1	-1	-1	-1	-1	-1	1	-1	-1	-1	-1	-1	-1	-1	-1	-1	1	-1	-1	-1
0.12171612389003693	0	-1	-1	-1	-1	1	-1	1	-1	-1	-1	-1	-1	-1	-1	-1	-1	1	-1	-1	-1	-1	-1	1	-1	-1	-1	-1	-1
-0.044444444444444446	0	-1	-1	-1	-1	1	-1	1	-1	-1	-1	-1	-1	-1	-1	-1	-1	-1	-1	1	-1	1	-1	-1	-1	-1	-1	-1	-1
-0.0628539361054709	0	-1	-1	-1	-1	-1	1	1	-1	-1	-1	-1	-1	-1	-1	-1	1	-1	-1	-1	-1	-1	-1	-1	-1	1	-1	-1	-1
0.02434322477800738	0	-1	-1	-1	-1	-1	1	1	-1	-1	-1	-1	-1	-1	-1	-1	-1	-1	1	-1	-1	-1	-1	1	-1	-1	-1	-1	-1
0.09737289911202952	0	-1	-1	-1	-1	-1	1	1	-1	-1	-1	-1	-1	-1	-1	-1	-1	1	-1	-1	-1	-1	-1	-1	1	-1	-1	-1	-1
-0.05333333333333333	0	-1	-1	-1	-1	-1	1	1	-1	-1	-1	-1	-1	-1	-1	-1	-1	-1	-1	-1	1	1	-1	-1	-1	-1	-1	-1	-1
0.008888888888888889	0	-1	-1	-1	-1	-1	1	1	-1	-1	-1	-1	-1	-1	-1	-1	-1	-1	-1	1	-1	-1	1	-1	-1	-1	-1	-1	-1
0.03142696805273545	0	-1	-1	1	-1	-1	-1	1	-1	-1	-1	-1	-1	-1	-1	1	-1	-1	-1	-1	-1	-1	-1	1	-1	-1	-1	-1	-1
0.08888888888888889	0	-1	-1	1	-1	-1	-1	1	-1	-1	-1	-1	-1	-1	-1	-1	-1	1	-1	-1	-1	1	-1	-1	-1	-1	-1	-1	-1
0.03142696805273545	0	-1	-1	-1	1	-1	-1	1	-1	-1	-1	-1	-1	-1	-1	-1	1	-1	-1	-1	-1	-1	-1	1	-1	-1	-1	-1	-1
0.08888888888888889	0	-1	-1	-1	1	-1	-1	1	-1	-1	-1	-1	-1	-1	-1	-1	-1	1	-1	-1	-1	-1	1	-1	-1	-1	-1	-1	-1
0.02434322477800738	0	-1	-1	-1	1	-1	-1	1	-1	-1	-1	-1	-1	-1	-1	-1	-1	-1	-1	1	1	-1	-1	-1	-1	-1	-1	-1	-1
0.08888888888888889	0	1	-1	-1	-1	-1	-1	1	-1	-1	-1	-1	-1	-1	-1	1	-1	-1	-1	-1	-1	1	-1	-1	-1	-1	-1	-1	-1
0.03142696805273545	0	1	-1	-1	-1	-1	-1	1	-1	-1	-1	-1	-1	-1	-1	-1	-1	1	-1	1	-1	-1	-1	-1	-1	-1	-1	-1	-1
0.08888888888888889	0	-1	1	-1	-1	-1	-1	1	-1	-1	-1	-1	-1	-1	-1	-1	1	-1	-1	-1	-1	1	-1	-1	-1	-1	-1	-1	-1
-0.03142696805273545	0	-1	1	-1	-1	-1	-1	1	-1	-1	-1	-1	-1	-1	-1	-1	-1	-1	1	1	-1	-1	-1	-1	-1	-1	-1	-1	-1
0.0628539361054709	0	-1	1	-1	-1	-1	-1	1	-1	-1	-1	-1	-1	-1	-1	-1	-1	1	-1	-1	1	-1	-1	-1	-1	-1	-1	-1	-1
-0.0628539361054709	0	-1	-1	-1	-1	1	-1	-1	1	-1	-1	-1	-1	-1	-1	1	-1	-1	-1	-1	-1	-1	-1	-1	-1	-1	1	-1	-1
0.09737289911202952	0	-1	-1	-1	-1	1	-1	-1	1	-1	-1	-1	-1	-1	-1	-1	-1	-1	1	-1	-1	-1	-1	1	-1	-1	-1	-1	-1
0.02434322477800738	0	-1	-1	-1	-1	1	-1	-1	1	-1	-1	-1	-1	-1	-1	-1	-1	1	-1	-1	-1	-1	-1	-1	1	-1	-1	-1	-1
0.008888888888888889	0	-1	-1	-1	-1	1	-1	-1	1	-1	-1	-1	-1	-1	-1	-1	-1	-1	-1	-1	1	1	-1	-1	-1	-1	-1	-1	-1
-0.05333333333333333	0	-1	-1	-1	-1	1	-1	-1	1	-1	-1	-1	-1	-1	-1	-1	-1	-1	-1	1	-1	-1	1	-1	-1	-1	-1	-1	-1
-0.0628539361054709	0	-1	-1	-1	-1	-1	1	-1	1	-1	-1	-1	-1	-1	-1	-1	1	-1	-1	-1	-1	-1	-1	-1	-1	-1	1	-1	-1
0.12171612389003693	0	-1	-1	-1	-1	-1	1	-1	1	-1	-1	-1	-1	-1	-1	-1	-1	-1	1	-1	-1	-1	-1	-1	1	-1	-1	-1	-1
-0.044444444444444446	0	-1	-1	-1	-1	-1	1	-1	1	-1	-1	-1	-1	-1	-1	-1	-1	-1	-1	-1	1	-1	1	-1	-1	-1	-1	-1	-1
0.03142696805273545	0	-1	-1	1	-1	-1	-1	-1	1	-1	-1	-1	-1	-1	-1	1	-1	-1	-1	-1	-1	-1	-1	-1	1	-1	-1	-1	-1
0.08888888888888889	0	-1	-1	1	-1	-1	-1	-1	1	-1	-1	-1	-1	-1	-1	-1	-1	-1	1	-1	-1	1	-1	-1	-1	-1	-1	-1	-1
-0.02434322477800738	0	-1	-1	1	-1	-1	-1	-1	1	-1	-1	-1	-1	-1	-1	-1	-1	-1	-1	1	1	-1	-1	-1	-1	-1	-1	-1	-1
0.03142696805273545	0	-1	-1	-1	1	-1	-1	-1	1	-1	-1	-1	-1	-1	-1	-1	1	-1	-1	-1	-1	-1	-1	-1	1	-1	-1	-1	-1
0.08888888888888889	0	-1	-1	-1	1	-1	-1	-1	1	-1	-1	-1	-1	-1	-1	-1	-1	-1	1	-1	-1	-1	1	-1	-1	-1	-1	-1	-1
0.08888888888888889	0	1	-1	-1	-1	-1	-1	-1	1	-1	-1	-1	-1	-1	-1	1	-1	-1	-1	-1	-1	-1	1	-1	-1	-1	-1	-1	-1
0.0628539361054709	0	1	-1	-1	-1	-1	-1	-1	1	-1	-1	-1	-1	-1	-1	-1	-1	-1	1	1	-1	-1	-1	-1	-1	-1	-1	-1	-1
-0.03142696805273545	0	1	-1	-1	-1	-1	-1	-1	1	-1	-1	-1	-1	-1	-1	-1	-1	1	-1	-1	1	-1	-1	-1	-1	-1	-1	-1	-1
0.08888888888888889	0	-1	1	-1	-1	-1	-1	-1	1	-1	-1	-1	-1	-1	-1	-1	1	-1	-1	-1	-1	-1	1	-1	-1	-1	-1	-1	-1
0.03142696805273545	0	-1	1	-1	-1	-1	-1	-1	1	-1	-1	-1	-1	-1	-1	-1	-1	-1	1	-1	1	-1	-1	-1	-1	-1	-1	-1	-1
0.06885303726590963	0	-1	-1	-1	-1	1	1	-1	-1	-1	-1	-1	-1	-1	-1	-1	1	-1	-1	-1	-1	-1	-1	1	-1	-1	-1	-1	-1
-0.06885303726590963	0	-1	-1	-1	-1	1	1	-1	-1	-1	-1	-1	-1	-1	-1	1	-1	-1	-1	-1	-1	-1	-1	-1	1	-1	-1	-1	-1
0.02434322477800738	0	-1	-1	-1	-1	1	1	-1	-1	-1	-1	-1	-1	-1	-1	-1	-1	-1	1	-1	-1	1	-1	-1	-1	-1	-1	-1	-1
-0.02434322477800738	0	-1	-1	-1	-1	1	1	-1	-1	-1	-1	-1	-1	-1	-1	-1	-1	1	-1	-1	-1	-1	1	-1	-1	-1	-1	-1	-1
-0.04	0	-1	-1	-1	-1	1	1	-1	-1	-1	-1	-1	-1	-1	-1	-1	-1	-1	-1	1	1	-1	-1	-1	-1	-1	-1	-1	-1
0.03142696805273545	0	-1	-1	1	-1	1	-1	-1	-1	-1	-1	-1	-1	-1	-1	1	-1	-1	-1	-1	-1	1	-1	-1	-1	-1	-1	-1	-1
0.06666666666666667	0	-1	-1	1	-1	1	-1	-1	-1	-1	-1	-1	-1	-1	-1	-1	-1	1	-1	1	-1	-1	-1	-1	-1	-1	-1	-1	-1
-0.03142696805273545	0	-1	-1	-1	1	1	-1	-1	-1	-1	-1	-1	-1	-1	-1	-1	1	-1	-1	-1	-1	1	-1	-1	-1	-1	-1	-1	-1
0.0628539361054709	0	-1	-1	-1	1	1	-1	-1	-1	-1	-1	-1	-1	-1	-1	1	-1	-1	-1	-1	-1	-1	1	-1	-1	-1	-1	-1	-1
0.06666666666666667	0	-1	-1	-1	1	1	-1	-1	-1	-1	-1	-1	-1	-1	-1	-1	-1	1	-1	-1	1	-1	-1	-1	-1	-1	-1	-1	-1
0.1111111111111111	0	1	-1	-1	-1	1	-1	-1	-1	-1	-1	-1	-1	-1	-1	1	-1	-1	-1	1	-1	-1	-1	-1	-1	-1	-1	-1	-1
0.06666666666666667	0	-1	1	-1	-1	1	-1	-1	-1	-1	-1	-1	-1	-1	-1	-1	1	-1	-1	1	-1	-1	-1	-1	-1	-1	-1	-1	-1
0.044444444444444446	0	-1	1	-1	-1	1	-1	-1	-1	-1	-1	-1	-1	-1	-1	1	-1	-1	-1	-1	1	-1	-1	-1	-1	-1	-1	-1	-1
0.08606629658238704	0	-1	1	-1	-1	1	-1	-1	-1	-1	-1	-1	-1	-1	-1	-1	-1	1	1	-1	-1	-1	-1	-1	-1	-1	-1	-1	-1
0.0628539361054709	0	-1	-1	1	-1	-1	1	-1	-1	-1	-1	-1	-1	-1	-1	-1	1	-1	-1	-1	-1	1	-1	-1	-1	-1	-1	-1	-1
-0.03142696805273545	0	-1	-1	1	-1	-1	1	-1	-1	-1	-1	-1	-1	-1	-1	1	-1	-1	-1	-1	-1	-1	1	-1	-1	-1	-1	-1	-1
0.06666666666666667	0	-1	-1	1	-1	-1	1	-1	-1	-1	-1	-1	-1	-1	-1	-1	-1	-1	1	1	-1	-1	-1	-1	-1	-1	-1	-1	-1
0.03142696805273545	0	-1	-1	-1	1	-1	1	-1	-1	-1	-1	-1	-1	-1	-1	-1	1	-1	-1	-1	-1	-1	1	-1	-1	-1	-1	-1	-1
0.06666666666666667	0	-1	-1	-1	1	-1	1	-1	-1	-1	-1	-1	-1	-1	-1	-1	-1	-1	1	-1	1	-1	-1	-1	-1	-1	-1	-1	-1
0.044444444444444446	0	1	-1	-1	-1	-1	1	-1	-1	-1	-1	-1	-1	-1	-1	-1	1	-1	-1	1	-1	-1	-1	-1	-1	-1	-1	-1	-1
0.06666666666666667	0	1	-1	-1	-1	-1	1	-1	-1	-1	-1	-1	-1	-1	-1	1	-1	-1	-1	-1	1	-1	-1	-1	-1	-1	-1	-1	-1
-0.08606629658238704	0	1	-1	-1	-1	-1	1	-1	-1	-1	-1	-1	-1	-1	-1	-1	-1	1	1	-1	-1	-1	-1	-1	-1	-1	-1	-1	-1
0.1111111111111111	0	-1	1	-1	-1	-1	1	-1	-1	-1	-1	-1	-1	-1	-1	-1	1	-1	-1	-1	1	-1	-1	-1	-1	-1	-1	-1	-1
0.08606629658238704	0	-1	-1	1	1	-1	-1	-1	-1	-1	-1	-1	-1	-1	-1	-1	1	-1	-1	1	-1	-1	-1	-1	-1	-1	-1	-1	-1
-0.08606629658238704	0	-1	-1	1	1	-1	-1	-1	-1	-1	-1	-1	-1	-1	-1	1	-1	-1	-1	-1	1	-1	-1	-1	-1	-1	-1	-1	-1
0.1111111111111111	0	1	-1	1	-1	-1	-1	-1	-1	-1	-1	-1	-1	-1	-1	1	-1	1	-1	-1	-1	-1	-1	-1	-1	-1	-1	-1	-1
0.1111111111111111	0	-1	1	1	-1	-1	-1	-1	-1	-1	-1	-1	-1	-1	-1	1	-1	-1	1	-1	-1	-1	-1	-1	-1	-1	-1	-1	-1
0.1111111111111111	0	1	-1	-1	1	-1	-1	-1	-1	-1	-1	-1	-1	-1	-1	-1	1	1	-1	-1	-1	-1	-1	-1	-1	-1	-1	-1	-1
0.1111111111111111	0	-1	1	-1	1	-1	-1	-1	-1	-1	-1	-1	-1	-1	-1	-1	1	-1	1	-1	-1	-1	-1	-1	-1	-1	-1	-1	-1
-0.1111111111111111	0	1	1	-1	-1	-1	-1	-1	-1	-1	-1	-1	-1	-1	-1	1	1	-1	-1	-1	-1	-1	-1	-1	-1	-1	-1	-1	-1